0.35797753
0.52752809
0.66595506
0.73887640
0.75505618
0.77146067
0.80595506
0.84202247
0.84662921
0.84460674
0.85235955
0.85067416
0.85393258
0.86134831
0.87258427
0.86966292
0.87179775
0.87292135
0.86775281
0.86955056
0.87730337
0.87640449
0.87730337
0.87921348
0.87797753
0.87786517
0.88224719
0.87651685
0.88606742
0.88269663
0.88606742
0.89044944
0.88808989
0.89348315
0.89685393
0.89370787
0.89528090
0.89382022
0.89988764
0.90146067
0.90191011
0.90415730
0.89988764
0.90056180
0.90505618
0.91011236
0.90404494
0.90977528
0.91314607
0.91370787
0.90898876
0.92696629
0.91651685
0.92573034
0.93269663
0.93955056
0.94089888
0.94022472
0.94707865
0.95112360
0.95415730
0.96292135
0.96876404
0.97325843
0.97932584
0.97808989
0.97966292
0.97842697
0.97943820
0.98022472
0.98033708
0.98168539
0.98067416
0.98000000
0.98101124
0.98101124
0.98101124
0.98033708
0.98022472
0.98056180
0.98022472
0.98101124
0.98067416
0.97977528
0.98191011
0.98067416
0.98044944
0.98101124
0.98101124
0.98112360
0.98078652
0.98146067
0.98044944
0.98022472
0.98202247
0.98000000
0.98134831
0.98112360
0.97820225
0.97898876
0.98056180
0.97921348
0.98022472
0.97955056
0.97988764
0.97955056
0.98000000
0.98146067
0.98123596
0.98000000
0.98056180
0.98078652
0.98168539
0.98044944
0.98179775
0.98056180
0.98235955
0.97966292
0.97932584
0.98022472
0.97932584
0.98089888
0.97977528
0.98033708
0.98056180
0.98168539
0.97955056
0.98033708
0.98112360
0.97988764
0.98067416
0.98078652
0.97977528
0.98134831
0.98056180
0.98011236
0.98112360
0.97943820
0.98078652
0.98044944
0.98134831
0.97988764
0.98123596
0.98089888
0.98000000
0.98033708
0.98146067
0.97988764
0.97943820
0.97887640
0.97943820
0.97955056
0.97876404
0.97977528
0.98033708
0.97921348
0.98000000
0.97887640
0.98123596
0.98112360
0.98123596
0.98022472
0.97988764
0.98101124
0.98044944
0.98011236
0.97977528
0.98078652
0.98123596
0.98056180
0.98101124
0.98044944
0.98146067
0.98067416
0.98000000
0.97977528
0.98067416
0.97977528
0.98078652
0.98101124
0.98044944
0.98112360
0.98078652
0.98089888
0.98022472
0.97966292
0.97943820
0.97932584
0.98044944
0.98044944
0.98101124
0.97764045
0.98011236
0.98033708
0.98640449
0.98820225
0.99112360
0.99089888
0.99078652
0.99224719
0.99247191
0.99089888
0.99146067
0.99101124
0.99235955
0.99056180
0.99000000
0.99146067
0.99123596
0.99078652
0.99179775
0.99112360
0.99056180
0.99134831
0.99101124
0.99310899  ####
0.98977528
0.99191011
0.99146067
0.99168539
0.99146067
0.99235955
0.99280899
0.99134831
0.99157303
0.99134831
0.99202247
0.99011236
0.98977528
0.99123596
0.99056180
0.98966292
0.99101124
0.98988764
0.99235955
0.99134831
0.99011236
0.99146067
0.99078652
0.99168539
0.99146067
0.99123596
0.99089888
0.99078652
0.99101124
0.99056180
0.99157303
0.99112360
0.99067416
0.99089888
0.99123596
0.99157303
0.99123596
0.9913483
0.99033708
0.99101124
0.98112360
0.98146067
0.98191011
0.98112360
0.98101124
0.98022472
0.97988764
0.98134831
0.98022472
0.98056180
0.99078652
0.99112360
0.99146067
0.99089888
0.99168539
0.99179775
0.99168539
0.99078652
0.99168539
0.99067416
0.99123596
0.99179775
0.99191011
0.99067416
0.99067416
0.99146067
0.99022472
0.99146067
0.99157303
0.99078652
0.99033708
0.99078652
0.99224719
0.99112360
0.99089888
0.98752809
0.99067416
0.99123596
0.99123596
0.98662921
0.99179775
0.99078652
0.99134831
0.99112360
0.99067416
0.99123596
0.99078652
0.99157303
0.99134831
0.99258427
0.99202247
0.99123596
0.99179775
0.99146067
0.99157303
0.99112360
0.99033708
0.99168539
0.99112360
0.99101124
0.99067416
0.99134831
0.99089888
0.99157303
0.99011236
0.99011236
0.99112360
0.99078652
0.99146067
0.99224719
0.99202247
0.99078652
0.99134831
0.99213483
0.99146067
0.99101124
0.99247191
0.99202247
0.99179775
0.99157303
0.99078652
0.99202247
0.99067416
0.99112360
0.99146067
0.99056180
0.99179775
0.99213483
0.99213483
0.99269663
0.99101124
0.99089888
0.99134831
0.99202247
0.99224719
0.99067416
0.99157303
0.99168539
0.99157303
0.99112360
0.99112360
0.99157303
0.99168539
0.99044944
0.99202247
0.99157303
0.99213483
0.99101124
0.99146067
0.99179775
0.99224719
0.99146067
0.99179775
0.99168539
0.99112360
0.99191011
0.99134831
0.99157303
0.99235955
0.99146067
0.99213483
0.99101124
0.99157303
0.99202247
0.99146067
0.99179775
0.99146067
0.99101124
0.99033708
0.99123596
0.99157303
0.99146067
0.99022472
0.99078652
0.99078652
0.99089888
0.99213483
0.99022472
0.99146067
0.99123596
0.99022472
0.99033708
0.99168539
0.99033708
0.99101124
